name: oldaudio2
channels:
  - conda-forge
  - defaults
dependencies:
  - audioread=2.1.5=py27_0
  - backports=1.0=pyhd8ed1ab_3
  - backports.functools_lru_cache=1.6.1=py_0
  - backports_abc=0.5=py_1
  - blas=1.0=mkl
  - ca-certificates=2018.4.16=0
  - certifi=2018.4.16=py27_0
  - cycler=0.10.0=py_2
  - decorator=4.4.2=py_0
  - enum34=1.1.6=py27_1
  - freetype=2.8.1=vc9_0
  - funcsigs=1.0.2=py_3
  - functools32=3.2.3.2=py_3
  - futures=3.2.0=py27_0
  - icc_rt=2019.0.0=h0cc432a_1
  - icu=58.2=vc9_0
  - joblib=0.14.1=pyh9f0ad1d_0
  - libpng=1.6.34=vc9_0
  - librosa=0.6.3=py_0
  - llvmlite=0.31.0=py27hc56fc5f_0
  - mkl=2020.2=256
  - mkl-service=2.3.0=py27h0b88c2a_0
  - mkl_fft=1.0.9=py27_0
  - numba=0.47.0=py27h39f3610_0
  - numpy=1.16.6=py27hcd21bde_0
  - numpy-base=1.16.6=py27hb1d0314_0
  - openssl=1.0.2o=vc9_0
  - pydub=0.23.1=py_0
  - pyparsing=2.4.7=pyh9f0ad1d_0
  - pyqt=5.6.0=py27_5
  - python=2.7.14=5
  - resampy=0.2.2=py_0
  - scikit-learn=0.20.3=py27hf381715_0
  - setuptools=39.0.1=py27_0
  - singledispatch=3.6.1=pyh44b312d_0
  - sip=4.18=py27_1
  - six=1.16.0=pyh6c4a22f_0
  - sqlite=3.22.0=vc9_0
  - tornado=5.0.2=py27_0
  - vc=9=h7299396_1
  - vs2008_runtime=9.0.30729.6161=0
  - vs2015_runtime=14.27.29016=h5e58377_2
  - wheel=0.31.0=py27_0
  - wincertstore=0.2=pyhd8ed1ab_1009
  - zlib=1.2.11=vc9_0
  - pip:
      - backports-functools-lru-cache==1.6.6
      - kiwisolver==1.1.0
      - matplotlib==2.2.5
      - midiutil==1.2.1
      - mido==1.2.10
      - pip==20.3.4
      - pretty-midi==0.2.10
      - python-dateutil==2.9.0.post0
      - pytz==2024.1
      - scipy==1.2.3
      - vamp==1.1.0
prefix: C:\Users\hatim\anaconda3\envs\oldaudio2
